  3
  2    1   2
  2    0   2
  2    0   1

  9
  4    1   2   3   6
  4    0   2   4   7
  4    0   1   5   8
  4    0   4   5   6
  4    1   3   5   7
  4    2   3   4   8
  4    0   3   7   8
  4    1   4   6   8
  4    2   5   6   7

 27
  6    1   2   3   6   9  18
  6    0   2   4   7  10  19
  6    0   1   5   8  11  20
  6    0   4   5   6  12  21
  6    1   3   5   7  13  22
  6    2   3   4   8  14  23
  6    0   3   7   8  15  24
  6    1   4   6   8  16  25
  6    2   5   6   7  17  26
  6    0  10  11  12  15  18
  6    1   9  11  13  16  19
  6    2   9  10  14  17  20
  6    3   9  13  14  15  21
  6    4  10  12  14  16  22
  6    5  11  12  13  17  23
  6    6   9  12  16  17  24
  6    7  10  13  15  17  25
  6    8  11  14  15  16  26
  6    0   9  19  20  21  24
  6    1  10  18  20  22  25
  6    2  11  18  19  23  26
  6    3  12  18  22  23  24
  6    4  13  19  21  23  25
  6    5  14  20  21  22  26
  6    6  15  18  21  25  26
  6    7  16  19  22  24  26
  6    8  17  20  23  24  25

