 10
 3    5   8   9
 3    4   7   9
 3    3   6   9
 3    2   7   8
 3    1   6   8
 3    0   6   7
 3    2   4   5
 3    1   3   5
 3    0   3   4
 3    0   1   2
 15
 6    5   8   9  12  13  14
 6    4   7   9  11  13  14
 6    3   6   9  10  13  14
 6    2   7   8  11  12  14
 6    1   6   8  10  12  14
 6    0   6   7  10  11  14
 6    2   4   5  11  12  13
 6    1   3   5  10  12  13
 6    0   3   4  10  11  13
 6    0   1   2  10  11  12
 6    2   4   5   7   8   9
 6    1   3   5   6   8   9
 6    0   3   4   6   7   9
 6    0   1   2   6   7   8
 6    0   1   2   3   4   5
 21
10    5   8   9  12  13  14  17  18  19  20
10    4   7   9  11  13  14  16  18  19  20
10    3   6   9  10  13  14  15  18  19  20
10    2   7   8  11  12  14  16  17  19  20
10    1   6   8  10  12  14  15  17  19  20
10    0   6   7  10  11  14  15  16  19  20
10    2   4   5  11  12  13  16  17  18  20
10    1   3   5  10  12  13  15  17  18  20
10    0   3   4  10  11  13  15  16  18  20
10    0   1   2  10  11  12  15  16  17  20
10    2   4   5   7   8   9  16  17  18  19
10    1   3   5   6   8   9  15  17  18  19
10    0   3   4   6   7   9  15  16  18  19
10    0   1   2   6   7   8  15  16  17  19
10    0   1   2   3   4   5  15  16  17  18
10    2   4   5   7   8   9  11  12  13  14
10    1   3   5   6   8   9  10  12  13  14
10    0   3   4   6   7   9  10  11  13  14
10    0   1   2   6   7   8  10  11  12  14
10    0   1   2   3   4   5  10  11  12  13
10    0   1   2   3   4   5   6   7   8   9
 35
 4   19  29  33  34
 4   18  28  32  34
 4   17  27  31  34
 4   16  26  30  34
 4   15  25  32  33
 4   14  24  31  33
 4   13  23  30  33
 4   12  22  31  32
 4   11  21  30  32
 4   10  20  30  31
 4    9  25  28  29
 4    8  24  27  29
 4    7  23  26  29
 4    6  22  27  28
 4    5  21  26  28
 4    4  20  26  27
 4    3  22  24  25
 4    2  21  23  25
 4    1  20  23  24
 4    0  20  21  22
 4    9  15  18  19
 4    8  14  17  19
 4    7  13  16  19
 4    6  12  17  18
 4    5  11  16  18
 4    4  10  16  17
 4    3  12  14  15
 4    2  11  13  15
 4    1  10  13  14
 4    0  10  11  12
 4    3   6   8   9
 4    2   5   7   9
 4    1   4   7   8
 4    0   4   5   6
 4    0   1   2   3
 28
15    5   8   9  12  13  14  17  18  19  20  23  24  25  26  27
15    4   7   9  11  13  14  16  18  19  20  22  24  25  26  27
15    3   6   9  10  13  14  15  18  19  20  21  24  25  26  27
15    2   7   8  11  12  14  16  17  19  20  22  23  25  26  27
15    1   6   8  10  12  14  15  17  19  20  21  23  25  26  27
15    0   6   7  10  11  14  15  16  19  20  21  22  25  26  27
15    2   4   5  11  12  13  16  17  18  20  22  23  24  26  27
15    1   3   5  10  12  13  15  17  18  20  21  23  24  26  27
15    0   3   4  10  11  13  15  16  18  20  21  22  24  26  27
15    0   1   2  10  11  12  15  16  17  20  21  22  23  26  27
15    2   4   5   7   8   9  16  17  18  19  22  23  24  25  27
15    1   3   5   6   8   9  15  17  18  19  21  23  24  25  27
15    0   3   4   6   7   9  15  16  18  19  21  22  24  25  27
15    0   1   2   6   7   8  15  16  17  19  21  22  23  25  27
15    0   1   2   3   4   5  15  16  17  18  21  22  23  24  27
15    2   4   5   7   8   9  11  12  13  14  22  23  24  25  26
15    1   3   5   6   8   9  10  12  13  14  21  23  24  25  26
15    0   3   4   6   7   9  10  11  13  14  21  22  24  25  26
15    0   1   2   6   7   8  10  11  12  14  21  22  23  25  26
15    0   1   2   3   4   5  10  11  12  13  21  22  23  24  26
15    0   1   2   3   4   5   6   7   8   9  21  22  23  24  25
15    2   4   5   7   8   9  11  12  13  14  16  17  18  19  20
15    1   3   5   6   8   9  10  12  13  14  15  17  18  19  20
15    0   3   4   6   7   9  10  11  13  14  15  16  18  19  20
15    0   1   2   6   7   8  10  11  12  14  15  16  17  19  20
15    0   1   2   3   4   5  10  11  12  13  15  16  17  18  20
15    0   1   2   3   4   5   6   7   8   9  15  16  17  18  19
15    0   1   2   3   4   5   6   7   8   9  10  11  12  13  14
