 16
  9      1   2   3   4   5   8  10  12  15 
  9      0   2   3   4   5   6   9  11  13 
  9      0   1   3   5   6   7   8  10  14 
  9      0   1   2   6   7   9  11  12  15 
  9      0   1   5   6   7   8   9  12  14 
 11      0   1   2   4   6   7   8   9  10  13  15 
 11      1   2   3   4   5   7   9  10  11  12  14 
  9      2   3   4   5   6  10  11  13  15 
  9      0   2   4   5   9  10  11  12  13 
 11      1   3   4   5   6   8  10  11  12  13  14 
 11      0   2   5   6   7   8   9  11  13  14  15 
  9      1   3   6   7   8   9  10  14  15 
  9      0   3   4   6   8   9  13  14  15 
  9      1   5   7   8   9  10  12  14  15 
  9      2   4   6   9  10  11  12  13  15 
  9      0   3   5   7  10  11  12  13  14 

 25
 12      1   2   3   4   5   6  10  12  15  18  20  24 
 12      0   2   3   4   5   6   7  11  13  16  19  21 
 12      0   1   3   4   6   7   8  10  12  14  17  22 
 12      0   1   2   4   7   8   9  11  13  15  18  23 
 12      0   1   2   3   8   9  12  14  16  19  20  24 
 12      0   1   6   7   8   9  10  11  15  17  20  23 
 14      0   1   2   5   7   8   9  10  11  12  16  18  21  24 
 14      1   2   3   5   6   8   9  11  12  13  15  17  19  22 
 14      2   3   4   5   6   7   9  12  13  14  16  18  20  23 
 12      3   4   5   6   7   8  13  14  17  19  21  24 
 12      0   2   5   6  11  12  13  14  15  16  20  22 
 14      1   3   5   6   7  10  12  13  14  15  16  17  21  23 
 16      0   2   4   6   7   8  10  11  13  14  16  17  18  20  22  24 
 14      1   3   7   8   9  10  11  12  14  17  18  19  21  23 
 12      2   4   8   9  10  11  12  13  18  19  22  24 
 12      0   3   5   7  10  11  16  17  18  19  20  21 
 14      1   4   6   8  10  11  12  15  17  18  19  20  21  22 
 14      2   5   7   9  11  12  13  15  16  18  19  21  22  23 
 14      0   3   6   8  12  13  14  15  16  17  19  22  23  24 
 12      1   4   7   9  13  14  15  16  17  18  23  24 
 12      0   4   5   8  10  12  15  16  21  22  23  24 
 12      1   6   9  11  13  15  16  17  20  22  23  24 
 12      2   7  10  12  14  16  17  18  20  21  23  24 
 12      3   5   8  11  13  17  18  19  20  21  22  24 
 12      0   4   6   9  12  14  18  19  20  21  22  23 

 36
 15      1   2   3   4   5   6   7  12  14  18  21  24  28  30  35 
 15      0   2   3   4   5   6   7   8  13  15  19  22  25  29  31 
 15      0   1   3   4   5   7   8   9  12  14  16  20  23  26  32 
 15      0   1   2   4   5   8   9  10  13  15  17  18  21  27  33 
 15      0   1   2   3   5   9  10  11  14  16  19  22  24  28  34 
 15      0   1   2   3   4  10  11  15  17  20  23  25  29  30  35 
 15      0   1   7   8   9  10  11  12  13  18  20  24  27  30  34 
 17      0   1   2   6   8   9  10  11  12  13  14  19  21  25  28  31  35 
 17      1   2   3   6   7   9  10  11  13  14  15  18  20  22  26  29  32 
 17      2   3   4   6   7   8  10  11  14  15  16  19  21  23  24  27  33 
 17      3   4   5   6   7   8   9  11  15  16  17  20  22  25  28  30  34 
 15      4   5   6   7   8   9  10  16  17  21  23  26  29  31  35 
 15      0   2   6   7  13  14  15  16  17  18  19  24  26  30  33 
 17      1   3   6   7   8  12  14  15  16  17  18  19  20  25  27  31  34 
 19      0   2   4   7   8   9  12  13  15  16  17  19  20  21  24  26  28  32  35 
 19      1   3   5   8   9  10  12  13  14  16  17  20  21  22  25  27  29  30  33 
 17      2   4   9  10  11  12  13  14  15  17  21  22  23  26  28  31  34 
 15      3   5  10  11  12  13  14  15  16  22  23  27  29  32  35 
 15      0   3   6   8  12  13  19  20  21  22  23  24  25  30  32 
 17      1   4   7   9  12  13  14  18  20  21  22  23  24  25  26  31  33 
 19      2   5   6   8  10  13  14  15  18  19  21  22  23  25  26  27  30  32  34 
 19      0   3   7   9  11  14  15  16  18  19  20  22  23  26  27  28  31  33  35 
 17      1   4   8  10  15  16  17  18  19  20  21  23  27  28  29  32  34 
 15      2   5   9  11  16  17  18  19  20  21  22  28  29  33  35 
 15      0   4   6   9  12  14  18  19  25  26  27  28  29  30  31 
 17      1   5   7  10  13  15  18  19  20  24  26  27  28  29  30  31  32 
 17      2   8  11  12  14  16  19  20  21  24  25  27  28  29  31  32  33 
 17      3   6   9  13  15  17  20  21  22  24  25  26  28  29  32  33  34 
 17      0   4   7  10  14  16  21  22  23  24  25  26  27  29  33  34  35 
 15      1   5   8  11  15  17  22  23  24  25  26  27  28  34  35 
 15      0   5   6  10  12  15  18  20  24  25  31  32  33  34  35 
 15      1   7  11  13  16  19  21  24  25  26  30  32  33  34  35 
 15      2   8  14  17  18  20  22  25  26  27  30  31  33  34  35 
 15      3   9  12  15  19  21  23  26  27  28  30  31  32  34  35 
 15      4   6  10  13  16  20  22  27  28  29  30  31  32  33  35 
 15      0   5   7  11  14  17  21  23  28  29  30  31  32  33  34 

 49
 18      1   2   3   4   5   6   7   8  14  16  21  24  28  32  35  40  42  48 
 18      0   2   3   4   5   6   7   8   9  15  17  22  25  29  33  36  41  43 
 18      0   1   3   4   5   6   8   9  10  14  16  18  23  26  30  34  37  44 
 18      0   1   2   4   5   6   9  10  11  15  17  19  21  24  27  31  38  45 
 18      0   1   2   3   5   6  10  11  12  16  18  20  22  25  28  32  39  46 
 18      0   1   2   3   4   6  11  12  13  17  19  23  26  29  33  35  40  47 
 18      0   1   2   3   4   5  12  13  18  20  24  27  30  34  36  41  42  48 
 18      0   1   8   9  10  11  12  13  14  15  21  23  28  31  35  39  42  47 
 20      0   1   2   7   9  10  11  12  13  14  15  16  22  24  29  32  36  40  43  48 
 20      1   2   3   7   8  10  11  12  13  15  16  17  21  23  25  30  33  37  41  44 
 20      2   3   4   7   8   9  11  12  13  16  17  18  22  24  26  28  31  34  38  45 
 20      3   4   5   7   8   9  10  12  13  17  18  19  23  25  27  29  32  35  39  46 
 20      4   5   6   7   8   9  10  11  13  18  19  20  24  26  30  33  36  40  42  47 
 18      5   6   7   8   9  10  11  12  19  20  25  27  31  34  37  41  43  48 
 18      0   2   7   8  15  16  17  18  19  20  21  22  28  30  35  38  42  46 
 20      1   3   7   8   9  14  16  17  18  19  20  21  22  23  29  31  36  39  43  47 
 22      0   2   4   8   9  10  14  15  17  18  19  20  22  23  24  28  30  32  37  40 
 44  48 
 22      1   3   5   9  10  11  14  15  16  18  19  20  23  24  25  29  31  33  35  38 
 41  45 
 22      2   4   6  10  11  12  14  15  16  17  19  20  24  25  26  30  32  34  36  39 
 42  46 
 20      3   5  11  12  13  14  15  16  17  18  20  25  26  27  31  33  37  40  43  47 
 18      4   6  12  13  14  15  16  17  18  19  26  27  32  34  38  41  44  48 
 18      0   3   7   9  14  15  22  23  24  25  26  27  28  29  35  37  42  45 
 20      1   4   8  10  14  15  16  21  23  24  25  26  27  28  29  30  36  38  43  46 
 22      2   5   7   9  11  15  16  17  21  22  24  25  26  27  29  30  31  35  37  39 
 44  47 
 24      0   3   6   8  10  12  16  17  18  21  22  23  25  26  27  30  31  32  36  38 
 40  42  45  48 
 22      1   4   9  11  13  17  18  19  21  22  23  24  26  27  31  32  33  37  39  41 
 43  46 
 20      2   5  10  12  18  19  20  21  22  23  24  25  27  32  33  34  38  40  44  47 
 18      3   6  11  13  19  20  21  22  23  24  25  26  33  34  39  41  45  48 
 18      0   4   7  10  14  16  21  22  29  30  31  32  33  34  35  36  42  44 
 20      1   5   8  11  15  17  21  22  23  28  30  31  32  33  34  35  36  37  43  45 
 22      2   6   9  12  14  16  18  22  23  24  28  29  31  32  33  34  36  37  38  42 
 44  46 
 22      3   7  10  13  15  17  19  23  24  25  28  29  30  32  33  34  37  38  39  43 
 45  47 
 22      0   4   8  11  16  18  20  24  25  26  28  29  30  31  33  34  38  39  40  44 
 46  48 
 20      1   5   9  12  17  19  25  26  27  28  29  30  31  32  34  39  40  41  45  47 
 18      2   6  10  13  18  20  26  27  28  29  30  31  32  33  40  41  46  48 
 18      0   5   7  11  14  17  21  23  28  29  36  37  38  39  40  41  42  43 
 20      1   6   8  12  15  18  22  24  28  29  30  35  37  38  39  40  41  42  43  44 
 20      2   9  13  16  19  21  23  25  29  30  31  35  36  38  39  40  41  43  44  45 
 20      3  10  14  17  20  22  24  26  30  31  32  35  36  37  39  40  41  44  45  46 
 20      4   7  11  15  18  23  25  27  31  32  33  35  36  37  38  40  41  45  46  47 
 20      0   5   8  12  16  19  24  26  32  33  34  35  36  37  38  39  41  46  47  48 
 18      1   6   9  13  17  20  25  27  33  34  35  36  37  38  39  40  47  48 
 18      0   6   7  12  14  18  21  24  28  30  35  36  43  44  45  46  47  48 
 18      1   8  13  15  19  22  25  29  31  35  36  37  42  44  45  46  47  48 
 18      2   9  16  20  23  26  28  30  32  36  37  38  42  43  45  46  47  48 
 18      3  10  17  21  24  27  29  31  33  37  38  39  42  43  44  46  47  48 
 18      4  11  14  18  22  25  30  32  34  38  39  40  42  43  44  45  47  48 
 18      5   7  12  15  19  23  26  31  33  39  40  41  42  43  44  45  46  48 
 18      0   6   8  13  16  20  24  27  32  34  40  41  42  43  44  45  46  47 

 64
 21      1   2   3   4   5   6   7   8   9  16  18  24  27  32  36  40  45  48  54  56 
 63 
 21      0   2   3   4   5   6   7   8   9  10  17  19  25  28  33  37  41  46  49  55 
 57 
 21      0   1   3   4   5   6   7   9  10  11  16  18  20  26  29  34  38  42  47  50 
 58 
 21      0   1   2   4   5   6   7  10  11  12  17  19  21  24  27  30  35  39  43  51 
 59 
 21      0   1   2   3   5   6   7  11  12  13  18  20  22  25  28  31  32  36  44  52 
 60 
 21      0   1   2   3   4   6   7  12  13  14  19  21  23  26  29  33  37  40  45  53 
 61 
 21      0   1   2   3   4   5   7  13  14  15  20  22  27  30  34  38  41  46  48  54 
 62 
 21      0   1   2   3   4   5   6  14  15  21  23  28  31  35  39  42  47  49  55  56 
 63 
 21      0   1   9  10  11  12  13  14  15  16  17  24  26  32  35  40  44  48  53  56 
 62 
 23      0   1   2   8  10  11  12  13  14  15  16  17  18  25  27  33  36  41  45  49 
 54  57  63 
 23      1   2   3   8   9  11  12  13  14  15  17  18  19  24  26  28  34  37  42  46 
 50  55  58 
 23      2   3   4   8   9  10  12  13  14  15  18  19  20  25  27  29  32  35  38  43 
 47  51  59 
 23      3   4   5   8   9  10  11  13  14  15  19  20  21  26  28  30  33  36  39  40 
 44  52  60 
 23      4   5   6   8   9  10  11  12  14  15  20  21  22  27  29  31  34  37  41  45 
 48  53  61 
 23      5   6   7   8   9  10  11  12  13  15  21  22  23  28  30  35  38  42  46  49 
 54  56  62 
 21      6   7   8   9  10  11  12  13  14  22  23  29  31  36  39  43  47  50  55  57 
 63 
 21      0   2   8   9  17  18  19  20  21  22  23  24  25  32  34  40  43  48  52  56 
 61 
 23      1   3   8   9  10  16  18  19  20  21  22  23  24  25  26  33  35  41  44  49 
 53  57  62 
 25      0   2   4   9  10  11  16  17  19  20  21  22  23  25  26  27  32  34  36  42 
 45  50  54  58  63 
 25      1   3   5  10  11  12  16  17  18  20  21  22  23  26  27  28  33  35  37  40 
 43  46  51  55  59 
 25      2   4   6  11  12  13  16  17  18  19  21  22  23  27  28  29  34  36  38  41 
 44  47  48  52  60 
 25      3   5   7  12  13  14  16  17  18  19  20  22  23  28  29  30  35  37  39  42 
 45  49  53  56  61 
 23      4   6  13  14  15  16  17  18  19  20  21  23  29  30  31  36  38  43  46  50 
 54  57  62 
 21      5   7  14  15  16  17  18  19  20  21  22  30  31  37  39  44  47  51  55  58 
 63 
 21      0   3   8  10  16  17  25  26  27  28  29  30  31  32  33  40  42  48  51  56 
 60 
 23      1   4   9  11  16  17  18  24  26  27  28  29  30  31  32  33  34  41  43  49 
 52  57  61 
 25      2   5   8  10  12  17  18  19  24  25  27  28  29  30  31  33  34  35  40  42 
 44  50  53  58  62 
 27      0   3   6   9  11  13  18  19  20  24  25  26  28  29  30  31  34  35  36  41 
 43  45  48  51  54  59  63 
 27      1   4   7  10  12  14  19  20  21  24  25  26  27  29  30  31  35  36  37  42 
 44  46  49  52  55  56  60 
 25      2   5  11  13  15  20  21  22  24  25  26  27  28  30  31  36  37  38  43  45 
 47  50  53  57  61 
 23      3   6  12  14  21  22  23  24  25  26  27  28  29  31  37  38  39  44  46  51 
 54  58  62 
 21      4   7  13  15  22  23  24  25  26  27  28  29  30  38  39  45  47  52  55  59 
 63 
 21      0   4   8  11  16  18  24  25  33  34  35  36  37  38  39  40  41  48  50  56 
 59 
 23      1   5   9  12  17  19  24  25  26  32  34  35  36  37  38  39  40  41  42  49 
 51  57  60 
 25      2   6  10  13  16  18  20  25  26  27  32  33  35  36  37  38  39  41  42  43 
 48  50  52  58  61 
 27      3   7   8  11  14  17  19  21  26  27  28  32  33  34  36  37  38  39  42  43 
 44  49  51  53  56  59  62 
 27      0   4   9  12  15  18  20  22  27  28  29  32  33  34  35  37  38  39  43  44 
 45  50  52  54  57  60  63 
 25      1   5  10  13  19  21  23  28  29  30  32  33  34  35  36  38  39  44  45  46 
 51  53  55  58  61 
 23      2   6  11  14  20  22  29  30  31  32  33  34  35  36  37  39  45  46  47  52 
 54  59  62 
 21      3   7  12  15  21  23  30  31  32  33  34  35  36  37  38  46  47  53  55  60 
 63 
 21      0   5   8  12  16  19  24  26  32  33  41  42  43  44  45  46  47  48  49  56 
 58 
 23      1   6   9  13  17  20  25  27  32  33  34  40  42  43  44  45  46  47  48  49 
 50  57  59 
 25      2   7  10  14  18  21  24  26  28  33  34  35  40  41  43  44  45  46  47  49 
 50  51  56  58  60 
 25      3  11  15  16  19  22  25  27  29  34  35  36  40  41  42  44  45  46  47  50 
 51  52  57  59  61 
 25      4   8  12  17  20  23  26  28  30  35  36  37  40  41  42  43  45  46  47  51 
 52  53  58  60  62 
 25      0   5   9  13  18  21  27  29  31  36  37  38  40  41  42  43  44  46  47  52 
 53  54  59  61  63 
 23      1   6  10  14  19  22  28  30  37  38  39  40  41  42  43  44  45  47  53  54 
 55  60  62 
 21      2   7  11  15  20  23  29  31  38  39  40  41  42  43  44  45  46  54  55  61 
 63 
 21      0   6   8  13  16  20  24  27  32  34  40  41  49  50  51  52  53  54  55  56 
 57 
 23      1   7   9  14  17  21  25  28  33  35  40  41  42  48  50  51  52  53  54  55 
 56  57  58 
 23      2  10  15  18  22  26  29  32  34  36  41  42  43  48  49  51  52  53  54  55 
 57  58  59 
 23      3  11  19  23  24  27  30  33  35  37  42  43  44  48  49  50  52  53  54  55 
 58  59  60 
 23      4  12  16  20  25  28  31  34  36  38  43  44  45  48  49  50  51  53  54  55 
 59  60  61 
 23      5   8  13  17  21  26  29  35  37  39  44  45  46  48  49  50  51  52  54  55 
 60  61  62 
 23      0   6   9  14  18  22  27  30  36  38  45  46  47  48  49  50  51  52  53  55 
 61  62  63 
 21      1   7  10  15  19  23  28  31  37  39  46  47  48  49  50  51  52  53  54  62 
 63 
 21      0   7   8  14  16  21  24  28  32  35  40  42  48  49  57  58  59  60  61  62 
 63 
 21      1   9  15  17  22  25  29  33  36  41  43  48  49  50  56  58  59  60  61  62 
 63 
 21      2  10  18  23  26  30  34  37  40  42  44  49  50  51  56  57  59  60  61  62 
 63 
 21      3  11  19  27  31  32  35  38  41  43  45  50  51  52  56  57  58  60  61  62 
 63 
 21      4  12  20  24  28  33  36  39  42  44  46  51  52  53  56  57  58  59  61  62 
 63 
 21      5  13  16  21  25  29  34  37  43  45  47  52  53  54  56  57  58  59  60  62 
 63 
 21      6   8  14  17  22  26  30  35  38  44  46  53  54  55  56  57  58  59  60  61 
 63 
 21      0   7   9  15  18  23  27  31  36  39  45  47  54  55  56  57  58  59  60  61 
 62 

