Graph   1 n=  20: (Size   6)   4   6   9  11  14  18 
Graph   2 n=  24: (Size   8)   5   7   9  11  13  18  21  23 
Graph   3 n=  26: (Size   8)   5   7   9  11  13  18  21  24 
Graph   4 n=  28: (Size   8)   3   7   9  12  15  18  20  24 
Graph   5 n=  28: (Size   8)   4   8   9  12  15  18  22  25 
Graph   6 n=  30: (Size   9)   4   8   9  11  14  17  22  25  28 
Graph   7 n=  30: (Size   9)   4   8   9  11  14  17  22  26  28 
Graph   8 n=  30: (Size   9)   5   7   9  11  14  19  22  24  27 
Graph   9 n=  32: (Size   9)   2   4   8  14  17  21  23  27  30 
Graph  10 n=  32: (Size  10)   5   7   9  11  13  19  22  26  28  31 
Graph  11 n=  32: (Size  10)   5   7   9  11  13  19  22  26  28  31 
Graph  12 n=  32: (Size   9)   3   7   9  12  16  19  21  25  27 
Graph  13 n=  32: (Size  10)   5   7   9  11  14  19  23  26  28  31 
Graph  14 n=  32: (Size   9)   4   8   9  12  15  18  22  24  28 
Graph  15 n=  34: (Size  10)   4   8   9  11  14  17  22  27  30  32 
Graph  16 n=  34: (Size  10)   4   6   9  11  14  16  21  24  30  33 
Graph  17 n=  34: (Size  10)   5   7   9  11  14  19  23  26  28  31 
Graph  18 n=  34: (Size  10)   5   7   9  11  14  19  23  25  28  31 
Graph  19 n=  34: (Size  10)   5   7   9  12  14  19  23  26  28  31 
Graph  20 n=  34: (Size  10)   5   7   9  12  14  19  23  26  29  31 
Graph  21 n=  36: (Size  10)   2   4   8  14  17  21  23  28  31  34 
Graph  22 n=  36: (Size  11)   5   7   9  11  13  19  22  24  27  29  35 
Graph  23 n=  36: (Size  11)   5   7   9  11  13  19  23  27  29  32  34 
Graph  24 n=  36: (Size  11)   5   7   9  11  13  19  23  27  29  32  35 
Graph  25 n=  36: (Size  10)   3   7   9  12  16  19  23  26  28  32 
Graph  26 n=  36: (Size  10)   3   7   9  12  16  19  21  25  28  34 
Graph  27 n=  36: (Size  10)   3   7   9  12  16  19  23  25  28  32 
Graph  28 n=  36: (Size  10)   1   4   7  12  15  19  22  25  29  33 
Graph  29 n=  36: (Size  10)   1   5   8  12  14  18  23  28  32  35 
Graph  30 n=  36: (Size  10)   4   6   9  12  15  21  24  29  30  34 
Graph  31 n=  36: (Size  10)   4   7   9  12  15  19  22  25  29  33 
Graph  32 n=  36: (Size  10)   4   6   9  12  15  17  22  25  32  35 
Graph  33 n=  36: (Size  11)   5   7   9  12  15  20  24  27  29  31  33 
Graph  34 n=  36: (Size  10)   5   7  10  12  15  20  24  27  30  33 
Graph  35 n=  36: (Size  10)   5   7  10  12  15  20  24  27  30  33 
Graph  36 n=  38: (Size  11)   4   7   9  11  14  18  22  27  31  34  37 
Graph  37 n=  38: (Size  11)   4   8   9  11  14  18  22  27  30  34  37 
Graph  38 n=  38: (Size  11)   4   8   9  11  14  18  23  27  30  32  35 
Graph  39 n=  38: (Size  11)   4   8   9  11  14  18  23  28  29  32  35 
Graph  40 n=  38: (Size  11)   5   7   9  11  14  19  23  26  29  32  36 
Graph  41 n=  38: (Size  11)   5   7   9  11  14  19  23  26  29  32  36 
Graph  42 n=  38: (Size  11)   5   7   9  11  14  19  23  27  29  33  35 
Graph  43 n=  38: (Size  11)   5   7   9  11  14  20  23  26  29  31  35 
Graph  44 n=  38: (Size  11)   5   7   9  11  14  18  20  23  26  29  35 
Graph  45 n=  38: (Size  11)   5   7   9  12  14  19  23  26  29  32  36 
Graph  46 n=  38: (Size  11)   4   8   9  12  15  18  23  26  30  33  36 
Graph  47 n=  38: (Size  11)   4   8   9  12  15  18  23  26  30  33  35 
Graph  48 n=  38: (Size  11)   5   7   9  12  14  20  24  27  29  32  34 
Graph  49 n=  38: (Size  11)   4   8   9  12  15  19  24  26  30  31  34 
Graph  50 n=  38: (Size  11)   4   8   9  12  15  19  23  26  30  33  36 
Graph  51 n=  38: (Size  11)   5   7   9  12  15  21  25  28  31  33  35 
Graph  52 n=  38: (Size  10)   3   7  10  13  17  20  24  27  30  34 
Graph  53 n=  40: (Size  12)   5   7   9  11  13  18  22  24  27  31  35  38 
Graph  54 n=  40: (Size  12)   5   7   9  11  13  18  22  26  27  31  34  38 
Graph  55 n=  40: (Size  12)   5   7   9  11  13  18  20  24  27  29  33  37 
Graph  56 n=  40: (Size  12)   5   7   9  11  13  19  23  27  29  33  36  39 
Graph  57 n=  40: (Size  12)   5   7   9  11  13  19  23  27  30  33  36  39 
Graph  58 n=  40: (Size  11)   1   3   6  11  16  20  23  26  29  32  36 
Graph  59 n=  40: (Size  12)   5   7   9  11  13  19  23  25  28  30  33  38 
Graph  60 n=  40: (Size  11)   2   4   8  14  18  22  24  28  31  34  37 
Graph  61 n=  40: (Size  12)   5   7   9  11  14  19  23  27  29  33  36  39 
Graph  62 n=  40: (Size  11)   1   5   8  10  14  18  24  27  30  33  35 
Graph  63 n=  40: (Size  11)   3   7   9  12  16  19  23  26  29  33  37 
Graph  64 n=  40: (Size  11)   1   4   7  12  15  19  22  26  30  34  37 
Graph  65 n=  40: (Size  11)   3   7   9  12  16  19  21  26  29  35  39 
Graph  66 n=  40: (Size  12)   5   7   9  11  14  20  24  27  29  32  35  37 
Graph  67 n=  40: (Size  11)   3   7   9  12  16  20  23  26  29  32  35 
Graph  68 n=  40: (Size  11)   1   3   8  12  16  19  23  28  31  34  37 
Graph  69 n=  40: (Size  12)   5   7   9  11  14  20  24  27  30  32  35  37 
Graph  70 n=  40: (Size  12)   5   7   9  11  14  20  24  28  30  33  35  39 
Graph  71 n=  40: (Size  11)   1   3   8  12  16  19  23  28  31  34  37 
Graph  72 n=  40: (Size  11)   4   7   9  12  15  19  22  25  30  34  37 
Graph  73 n=  40: (Size  12)   5   7   9  12  14  19  23  27  29  33  36  39 
Graph  74 n=  40: (Size  11)   1   3   6  11  16  20  23  26  29  32  36 
Graph  75 n=  40: (Size  11)   3   7   9  13  16  19  23  24  29  33  37 
Graph  76 n=  40: (Size  11)   4   7   9  12  15  19  22  25  30  34  37 
Graph  77 n=  40: (Size  12)   5   7   9  12  14  20  24  27  30  32  34  39 
Graph  78 n=  40: (Size  11)   3   7   9  12  16  20  23  26  29  32  35 
Graph  79 n=  40: (Size  12)   5   7   9  12  14  20  24  27  30  32  35  37 
Graph  80 n=  40: (Size  11)   4   8   9  12  15  19  22  26  30  33  37 
Graph  81 n=  40: (Size  12)   5   7   9  12  14  20  24  27  30  32  34  38 
Graph  82 n=  40: (Size  12)   5   7   9  12  14  20  24  27  30  32  35  38 
Graph  83 n=  40: (Size  11)   1   4   7  11  15  18  22  27  31  34  37 
Graph  84 n=  40: (Size  12)   5   7   9  12  14  20  24  27  30  32  35  37 
Graph  85 n=  40: (Size  12)   5   7   9  12  14  20  24  27  30  33  35  39 
Graph  86 n=  40: (Size  11)   4   6   9  12  13  17  22  25  29  34  37 
Graph  87 n=  40: (Size  11)   5   7  10  12  15  20  24  27  31  35  39 
Graph  88 n=  40: (Size  11)   5   7  10  12  15  20  24  27  31  34  38 
Graph  89 n=  40: (Size  11)   3   7  10  13  17  20  24  29  31  35  37 
Graph  90 n=  40: (Size  11)   4   6  10  12  14  17  21  24  27  31  34 
Graph  91 n=  40: (Size  10)   3   7  10  13  17  20  24  28  31  35 
Graph  92 n=  40: (Size  12)   5   7  10  13  16  21  25  29  32  34  37  39 

Summary of dominating set orders:
Order   6:     1
Order   8:     4
Order   9:     6
Order  10:    22
Order  11:    41
Order  12:    18
